
            0.            0.          1667
           20.    -1.7465107          1986
           40.    -4.2204914          1995
           60.    -7.0799174          2004
           80.    -10.124039          2013
          100.    -13.242452          2022
          120.    -16.375208          2031
          140.    -19.491133          2040
          160.     -22.57522          2049
          180.    -25.620584          2058
          200.    -28.624296          2067
          220.     -31.58527          2076
          240.    -34.503124          2085
          260.    -37.377789          2094
          280.    -40.209217          2103
          300.    -42.997391          2112
          320.    -45.742229          2121
          340.    -48.443649          2130
          360.    -51.101528          2139
          380.    -53.715748          2148
          400.    -56.286167          2157
          420.     -58.81266          2166
          440.    -61.295094          2175
          460.    -63.733334          2184
          480.    -66.127258          2193
          500.    -68.476738          2202
          520.    -70.781662          2211
          540.    -73.041901          2220
          560.    -75.257347          2229
          580.    -77.427879          2238
          600.    -79.553398          2247
          620.    -81.633797          2256
          640.    -83.668953          2265
          660.    -85.658775          2274
          680.    -87.603165          2283
          700.    -89.502014          2292
          720.    -91.355232          2301
          740.     -93.16272          2310
          760.    -94.924393          2319
          780.     -96.64016          2328
          800.    -98.309937          2337
          820.    -99.933632          2346
          840.    -101.51116          2355
          860.    -103.04246          2364
          880.    -104.52744          2373
          900.    -105.96602          2382
          920.    -107.35814          2391
          940.    -108.70372          2400
          960.     -110.0027          2409
          980.    -111.25502          2418
         1000.     -112.4606          2427
         1020.    -113.61938          2436
         1040.    -114.73133          2445
         1060.    -115.79636          2454
         1080.    -116.81443          2463
         1100.     -117.7855          2472
         1120.     -118.7095          2481
         1140.     -119.5864          2490
         1160.    -120.41615          2499
         1180.     -121.1987          2508
         1200.    -121.93402          2517
         1220.    -122.62208          2526
         1240.    -123.26283          2535
         1260.    -123.85625          2544
         1280.    -124.40231          2553
         1300.    -124.90096          2562
         1320.    -125.35221          2571
         1340.    -125.75602          2580
         1360.    -126.11237          2589
         1380.    -126.42124          2598
         1400.    -126.68262          2607
         1420.    -126.89649          2616
         1440.    -127.06284          2625
         1460.    -127.18168          2634
         1480.    -127.25298          2643
         1500.    -127.27675          2652
         1520.    -127.25298          2661
         1540.    -127.18167          2670
         1560.    -127.06284          2679
         1580.    -126.89648          2688
         1600.     -126.6826          2697
         1620.    -126.42122          2706
         1640.    -126.11235          2715
         1660.      -125.756          2724
         1680.    -125.35219          2733
         1700.    -124.90093          2742
         1720.    -124.40227          2751
         1740.    -123.85621          2760
         1760.    -123.26279          2769
         1780.    -122.62203          2778
         1800.    -121.93398          2787
         1820.    -121.19865          2796
         1840.    -120.41609          2805
         1860.    -119.58634          2814
         1880.    -118.70944          2823
         1900.    -117.78544          2832
         1920.    -116.81437          2841
         1940.     -115.7963          2850
         1960.    -114.73125          2859
         1980.    -113.61932          2868
         2000.    -112.46053          2877
         2020.    -111.25494          2886
         2040.    -110.00262          2895
         2060.    -108.70364          2904
         2080.    -107.35805          2913
         2100.    -105.96593          2922
         2120.    -104.52734          2931
         2140.    -103.04236          2940
         2160.    -101.51106          2949
         2180.    -99.933525          2958
         2200.     -98.30983          2967
         2220.    -96.640053          2976
         2240.    -94.924286          2985
         2260.    -93.162605          2994
         2280.     -91.35511          3003
         2300.    -89.501892          3012
         2320.    -87.603035          3021
         2340.    -85.658646          3030
         2360.    -83.668823          3039
         2380.    -81.633659          3048
         2400.    -79.553261          3057
         2420.    -77.427742          3066
         2440.    -75.257202          3075
         2460.    -73.041756          3084
         2480.    -70.781509          3093
         2500.    -68.476585          3102
         2520.    -66.127098          3111
         2540.    -63.733173          3120
         2560.     -61.29493          3129
         2580.    -58.812496          3138
         2600.    -56.285999          3147
         2620.    -53.715576          3156
         2640.    -51.101357          3165
         2660.    -48.443474          3174
         2680.     -45.74205          3183
         2700.    -42.997208          3192
         2720.     -40.20903          3201
         2740.    -37.377598          3210
         2760.    -34.502934          3219
         2780.    -31.585077          3228
         2800.      -28.6241          3237
         2820.    -25.620386          3246
         2840.    -22.575016          3255
         2860.    -19.490923          3264
         2880.    -16.374989          3273
         2900.    -13.242222          3282
         2920.    -10.123799          3291
         2940.     -7.079679          3300
         2960.    -4.2202868          3309
         2980.    -1.7463967          3318
         3000.            0.          1827
 