1	1	3	3000.0			  0.0			0		12000    3	 
2	1	2	3088.6890422961		 60.94539590092286	0		12000    2
3	2	3	3088.6890422961		-60.94539590092286	0		12000    2
4	2	4	3000.0			  0.0			0		12000    1
5	3	4	3088.6890422961		 60.94539590092286	0		12000    2
6	3	5	3000.0			  0.0			0		12000    3
7	4	5	3088.6890422961		-60.94539590092286	0		12000    2
8	4	6	3000.0			  0.0			0		12000    1
9	5	6	3088.6890422961		 60.94539590092286	0		12000    2
10	5	7	3000.0			  0.0			0		12000    3
11	6	7	3088.6890422961		-60.94539590092286	0		12000    2
12	6	8	3000.0			  0.0			0		12000    1
13	7	8	3088.6890422961		 60.94539590092286	0		12000    2
14	7	9	3000.0			  0.0			0		12000    3
15	8	9	3088.6890422961		-60.94539590092286	0		12000    2
16	8	10	3000.0			  0.0			0		12000    1
17	9	10	3088.6890422961		 60.94539590092286	0		12000    2
18	9	11	3000.0			  0.0			0		12000    3
19	10	11	3088.6890422961		-60.94539590092286	0		12000    2
20	10	12	3000.0			  0.0			0		12000    1
21	11	12	3088.6890422961		 60.94539590092286	0		12000    2
22	11	13	3000.0			  0.0			0		12000    3
23	12	13	3088.6890422961		-60.94539590092286	0		12000    2